Enter the Matrix Market file name: 48 48 24
vals = {
100.0,
100.0,
100.0,
100.0,
100.0,
100.0,
100.0,
100.0,
100.0,
100.0,
100.0,
100.0,
200.0,
200.0,
200.0,
200.0,
200.0,
200.0,
200.0,
200.0,
200.0,
200.0,
200.0,
200.0,
}
cols = {
0,
1,
2,
6,
7,
8,
12,
13,
14,
18,
19,
20,
24,
25,
26,
30,
31,
32,
36,
37,
38,
42,
43,
44,
}
rows = {
0,
1,
2,
3,
3,
3,
3,
4,
5,
6,
6,
6,
6,
7,
8,
9,
9,
9,
9,
10,
11,
12,
12,
12,
12,
13,
14,
15,
15,
15,
15,
16,
17,
18,
18,
18,
18,
19,
20,
21,
21,
21,
21,
22,
23,
24,
24,
24,
24,
}

