27 27 279
vals = {
1037038.9925925,
259259.05925925,
-1185186.2518518,
-296296.65185183,
148148.14814813,
37037.148148145,
259259.05925925,
296297.54074078,
259259.05925929,
-18518.551851871,
-296296.65185185,
-148148.54814816,
-296296.65185189,
-74073.962962971,
37037.148148146,
-148148.21481483,
37037.14814816,
92592.570370393,
259259.05925929,
1037038.9925926,
259259.05925926,
-296296.65185187,
-1185186.2518518,
-296296.65185184,
37037.148148138,
148148.14814814,
37037.148148151,
-18518.551851871,
259259.05925926,
296297.54074078,
259259.05925929,
-18518.551851853,
-74073.962962959,
-296296.65185181,
-148148.54814814,
-296296.65185187,
-74073.962962958,
92592.570370383,
37037.14814813,
-148148.21481485,
37037.148148128,
92592.570370382,
259259.05925929,
1037038.9925926,
259259.05925929,
-296296.65185187,
-1185186.2518519,
-296296.65185185,
37037.148148052,
148148.14814786,
37037.148148072,
-18518.551851853,
259259.05925929,
296297.5407408,
259259.05925917,
-18518.551851932,
-74073.962962968,
-296296.65185186,
-148148.54814816,
-296296.65185186,
-74073.962962958,
92592.570370359,
37037.148148071,
-148148.21481487,
37037.14814827,
92592.570370455,
259259.05925917,
1037038.9925923,
259259.05925921,
-296296.65185186,
-1185186.2518519,
-296296.65185184,
37037.148148208,
148148.14814847,
37037.148148278,
-18518.551851932,
259259.05925921,
296297.54074058,
259259.05925904,
-74073.962962964,
-296296.65185184,
-148148.54814815,
-296296.65185188,
92592.570370439,
37037.148148223,
-148148.21481463,
37037.148148387,
259259.05925904,
1037038.9925921,
-296296.65185188,
-1185186.2518519,
37037.148148464,
148148.14814901,
-1185186.2518518,
-296296.65185185,
2370376.0592592,
592591.52592589,
-1185186.2518518,
-296296.65185183,
-296296.65185183,
-148148.54814816,
-296296.65185187,
-74073.962962959,
592591.52592589,
296300.20740741,
592591.52592596,
148148.14814815,
-296296.65185184,
-148148.54814815,
-296296.65185187,
-74073.962962967,
-296296.65185189,
-1185186.2518518,
-296296.65185181,
592591.52592596,
2370376.0592593,
592591.52592591,
-296296.65185185,
-1185186.2518519,
-296296.65185186,
-74073.962962971,
-296296.65185184,
-148148.54814814,
-296296.65185187,
-74073.962962968,
148148.14814815,
592591.52592591,
296300.20740741,
592591.52592596,
148148.14814815,
-74073.962962958,
-296296.65185185,
-148148.54814815,
-296296.65185187,
-74073.962962969,
-296296.65185187,
-1185186.2518519,
-296296.65185186,
592591.52592596,
2370376.0592594,
592591.52592593,
-296296.65185185,
-1185186.2518519,
-296296.65185186,
-74073.962962958,
-296296.65185185,
-148148.54814816,
-296296.65185186,
-74073.962962964,
148148.14814815,
592591.52592593,
296300.20740741,
592591.52592595,
148148.14814815,
-74073.962962968,
-296296.65185185,
-148148.54814814,
-296296.65185186,
-74073.962962966,
-296296.65185186,
-1185186.2518519,
-296296.65185184,
592591.52592595,
2370376.0592593,
592591.5259259,
-296296.65185184,
-1185186.2518518,
-296296.65185186,
-74073.962962958,
-296296.65185184,
-148148.54814815,
-296296.65185188,
148148.14814815,
592591.5259259,
296300.20740741,
592591.52592598,
-74073.96296296,
-296296.65185183,
-148148.54814815,
-296296.65185188,
-296296.65185188,
-1185186.2518519,
592591.52592598,
2370376.0592593,
-296296.65185185,
-1185186.2518519,
148148.14814813,
37037.148148146,
-1185186.2518518,
-296296.65185184,
1037038.9925926,
259259.05925926,
37037.148148145,
-148148.21481483,
37037.148148138,
92592.570370383,
-296296.65185183,
-148148.54814815,
-296296.65185185,
-74073.962962958,
259259.05925926,
296297.54074076,
259259.05925926,
-18518.551851868,
37037.14814816,
148148.14814814,
37037.14814813,
-296296.65185187,
-1185186.2518519,
-296296.65185185,
259259.05925926,
1037038.9925926,
259259.05925927,
92592.570370393,
37037.148148151,
-148148.21481485,
37037.148148052,
92592.570370359,
-74073.962962967,
-296296.65185186,
-148148.54814815,
-296296.65185185,
-74073.962962968,
-18518.551851868,
259259.05925927,
296297.54074078,
259259.05925935,
-18518.55185184,
37037.148148128,
148148.14814786,
37037.148148071,
-296296.65185187,
-1185186.2518519,
-296296.65185185,
259259.05925935,
1037038.9925929,
259259.05925934,
92592.570370382,
37037.148148072,
-148148.21481487,
37037.148148208,
92592.570370439,
-74073.962962969,
-296296.65185186,
-148148.54814814,
-296296.65185184,
-74073.96296296,
-18518.55185184,
259259.05925934,
296297.5407408,
259259.05925917,
-18518.551851921,
37037.14814827,
148148.14814847,
37037.148148223,
-296296.65185186,
-1185186.2518518,
-296296.65185183,
259259.05925917,
1037038.9925923,
259259.05925918,
92592.570370455,
37037.148148278,
-148148.21481463,
37037.148148464,
-74073.962962966,
-296296.65185186,
-148148.54814815,
-296296.65185185,
-18518.551851921,
259259.05925918,
296297.54074054,
259259.05925895,
37037.148148387,
148148.14814901,
-296296.65185188,
-1185186.2518519,
259259.05925895,
1037038.9925918,
}
cols = {
0,
1,
9,
10,
18,
19,
0,
1,
2,
3,
9,
10,
11,
12,
18,
19,
20,
21,
1,
2,
3,
10,
11,
12,
19,
20,
21,
1,
2,
3,
4,
5,
10,
11,
12,
13,
14,
19,
20,
21,
22,
23,
3,
4,
5,
12,
13,
14,
21,
22,
23,
3,
4,
5,
6,
7,
12,
13,
14,
15,
16,
21,
22,
23,
24,
25,
5,
6,
7,
14,
15,
16,
23,
24,
25,
5,
6,
7,
8,
14,
15,
16,
17,
23,
24,
25,
26,
7,
8,
16,
17,
25,
26,
0,
1,
9,
10,
18,
19,
0,
1,
2,
3,
9,
10,
11,
12,
18,
19,
20,
21,
1,
2,
3,
10,
11,
12,
19,
20,
21,
1,
2,
3,
4,
5,
10,
11,
12,
13,
14,
19,
20,
21,
22,
23,
3,
4,
5,
12,
13,
14,
21,
22,
23,
3,
4,
5,
6,
7,
12,
13,
14,
15,
16,
21,
22,
23,
24,
25,
5,
6,
7,
14,
15,
16,
23,
24,
25,
5,
6,
7,
8,
14,
15,
16,
17,
23,
24,
25,
26,
7,
8,
16,
17,
25,
26,
0,
1,
9,
10,
18,
19,
0,
1,
2,
3,
9,
10,
11,
12,
18,
19,
20,
21,
1,
2,
3,
10,
11,
12,
19,
20,
21,
1,
2,
3,
4,
5,
10,
11,
12,
13,
14,
19,
20,
21,
22,
23,
3,
4,
5,
12,
13,
14,
21,
22,
23,
3,
4,
5,
6,
7,
12,
13,
14,
15,
16,
21,
22,
23,
24,
25,
5,
6,
7,
14,
15,
16,
23,
24,
25,
5,
6,
7,
8,
14,
15,
16,
17,
23,
24,
25,
26,
7,
8,
16,
17,
25,
26,
}
rows = {
0,
6,
18,
27,
42,
51,
66,
75,
87,
93,
99,
111,
120,
135,
144,
159,
168,
180,
186,
192,
204,
213,
228,
237,
252,
261,
273,
279,
}
