18 18 50
vals = {
3.5344800000000003,
-477.1548,
171775.728,
1.7672400000000001,
7.068960000000001,
-85887.864,
-477.1548,
171775.728,
477.1548,
1.7672400000000001,
7.068960000000001,
-85887.864,
-477.1548,
171775.728,
477.1548,
1.7672400000000001,
7.068960000000001,
-85887.864,
-477.1548,
171775.728,
477.1548,
1.7672400000000001,
7.068960000000001,
-85887.864,
-477.1548,
171775.728,
477.1548,
1.7672400000000001,
7.068960000000001,
-85887.864,
-477.1548,
171775.728,
477.1548,
1.7672400000000001,
7.068960000000001,
-85887.864,
-477.1548,
171775.728,
477.1548,
1.7672400000000001,
7.068960000000001,
-85887.864,
-477.1548,
171775.728,
477.1548,
1.7672400000000001,
7.068960000000001,
477.1548,
1.7672400000000001,
3.5344800000000003,
}
cols = {
0,
0,
1,
0,
2,
1,
2,
3,
1,
2,
4,
3,
4,
5,
3,
4,
6,
5,
6,
7,
5,
6,
8,
7,
8,
9,
7,
8,
10,
9,
10,
11,
9,
10,
12,
11,
12,
13,
11,
12,
14,
13,
14,
15,
13,
14,
16,
15,
16,
17,
}
rows = {
0,
1,
3,
5,
8,
11,
14,
17,
20,
23,
26,
29,
32,
35,
38,
41,
44,
47,
50,
}
